1.jpg 0 82 16 221 236
1.jpg 1 348 162 170 190
1.jpg 2 362 399 120 160
1.jpg 3 81 341 149 183
1.jpg 4 40 528 136 119
2.jpg 0 178 17 202 279
2.jpg 1 322 334 120 208
dota.jpg 0 208 325 86 61
dota_jugg.jpg 0 180 228 87 63
dota_logo.jpg 0 17 108 66 55
dota_pa.jpg 0 502 172 79 86
girl.jpg 0 128 140 230 190
mogu.jpg 0 352 113 125 133
pic.jpg 0 322 245 109 102
pic1.jpg 0 196 300 139 130
rain.jpg 0 146 78 171 203
rain.jpg 1 425 67 201 266
rain.jpg 2 698 81 114 173
rain.jpg 3 489 90 151 227
rain.jpg 4 287 96 177 237
rain.jpg 5 144 135 136 298
rain.jpg 6 52 183 193 173